출처: http://cizz.net/pub/1583-2050-parse.txt
년도: 각 음력달의 길이 x 12개 : 해당 음력년도의 총 일수(윤달길이)     *표시는 윤달이 들어가는 달
1583 :  29  30* 29  30  29  29  30  29  30  30  30  30 : 384(29)
1584 :  29  30  29  29  30  29  29  30  29  30  30  30 : 354
1585 :  29  30  30  29  29  30  29  29  30* 30  30  29 : 383(29)
1586 :  30  30  29  30  29  30  29  29  30  29  30  29 : 354
1587 :  30  30  30  29  30  29  30  29  29  30  29  30 : 355
1588 :  29  30  30  29  30  29* 30  29  30  29  29  30 : 384(30)
1589 :  29  30  29  30  29  30  30  29  30  30  29  30 : 355
1590 :  29  29  30  29  30  29  30  30  29  30  30  29 : 354
1591 :  30  29  29* 29  29  30  29  30  30  30  30  29 : 384(30)
1592 :  30  29  29  30  29  29  30  29  30  30  30  29 : 354
1593 :  30  30  29  29  30  29  29  30  29  30  30* 30 : 384(29)
1594 :  30  29  30  29  30  29  29  30  29  30  29  30 : 354
1595 :  30  30  29  30  29  30  29  29  30  29  30  29 : 354
1596 :  30  30  29  30  30  29  30  29* 30  29  30  29 : 384(29)
1597 :  30  29  30  30  29  30  29  29  30  30  29  30 : 355
1598 :  29  30  29  30  29  30  30  29  30  29  30  30 : 355
1599 :  29  29  30  29* 30  30  29  30  30  29  30  30 : 384(29)
1600 :  29  29  30  29  29  30  29  30  30  30  29  30 : 354
1601 :  30  29  29  30  29  29  30  29  30  30  29  30 : 354
1602 :  30  30* 29  30  29  29  30  30  29  29  30  30 : 384(29)
1603 :  30  29  30  29  30  29  29  30  29  30  29  30 : 354
1604 :  30  29  30  30  29  30  29  29  30* 30  29  30 : 384(29)
1605 :  29  30  30  29  30  29  30  29  30  29  30  29 : 354
1606 :  30  29  30  29  30  30  29  30  29  30  29  30 : 355
1607 :  29  30  29  30  29  30* 30  30  29  30  29  30 : 384(29)
1608 :  29  30  29  29  30  29  30  30  30  29  30  30 : 355
1609 :  29  29  30  29  29  30  29  30  30  29  30  30 : 354
1610 :  29  30  29* 29  29  30  29  30  29  30  30  30 : 384(30)
1611 :  29  30  29  30  29  29  30  29  30  29  30  30 : 354
1612 :  30  29  30  29  30  29  29  30  29  30  29* 29 : 383(30)
1613 :  30  30  30  29  30  29  29  30  29  30  29  30 : 355
1614 :  29  30  30  29  30  29  30  29  30  29  30  29 : 354
1615 :  30  29  30  29  30  30  29  30* 30  29  30  29 : 384(29)
1616 :  30  29  29  30  30  29  30  30  29  30  29  30 : 355
1617 :  29  30  29  29  30  29  30  30  29  30  30  29 : 354
1618 :  30  29  30  29* 30  29  30  29  30  30  30  29 : 384(29)
1619 :  30  29  30  29  29  30  29  29  30  30  30  30 : 355
1620 :  29  30  29  30  29  29  30  29  29  30  30  29 : 353
1621 :  30  30* 29  30  29  29  30  29  29  30  30  29 : 384(30)
1622 :  30  30  29  30  29  30  29  30  29  30  29  30 : 355
1623 :  29  30  29  30  30  29  30  29  30  29* 29  30 : 384(30)
1624 :  29  30  29  30  29  30  30  29  30  29  30  29 : 354
1625 :  30  29  29  30  29  30  30  29  30  30  29  30 : 355
1626 :  29  30  29  29  30  29* 29  30  30  30  29  30 : 384(30)
1627 :  29  30  29  29  30  29  29  30  30  30  30  29 : 354
1628 :  30  29  30  29  29  30  29  29  30  30  29  30 : 354
1629 :  30  30  29  30* 29  30  29  29  30  30  29  30 : 384(29)
1630 :  30  30  29  30  29  29  30  29  29  30  29  30 : 354
1631 :  30  30  29  30  29  30  29  30  29  29  30* 30 : 384(29)
1632 :  30  29  30  30  29  30  29  30  29  30  29  29 : 354
1633 :  30  29  30  30  29  30  29  30  30  29  30  29 : 355
1634 :  30  29  29  30  29  30  29  30* 30  29  30  29 : 384(30)
1635 :  30  29  29  30  29  30  29  30  30  29  30  30 : 355
1636 :  29  30  29  29  30  29  29  30  30  29  30  30 : 354
1637 :  30  29  30  29* 30  29  29  30  29  30  30  30 : 384(29)
1638 :  30  29  30  29  29  30  29  29  30  29  30  30 : 354
1639 :  30  29  30  29  30  29  30  29  29  30  29  30 : 354
1640 :  30* 30  30  29  30  29  30  29  29  30  29  30 : 384(29)
1641 :  29  30  30  29  30  30  29  30  29  30  29  29 : 354
1642 :  30  29  30  29  30  30  29  30  30  29  30* 30 : 385(29)
1643 :  29  29  30  29  30  29  30  30  29  30  30  29 : 354
1644 :  30  29  29  30  29  29  30  30  29  30  30  30 : 355
1645 :  29  30  29  29  30  29* 30  29  30  30  30  30 : 384(29)
1646 :  29  30  29  29  30  29  29  30  29  30  30  30 : 354
1647 :  29  30  30  29  29  30  29  29  30  29  30  30 : 354
1648 :  29  30  30* 30  29  30  29  29  30  29  30  29 : 383(29)
1649 :  30  30  29  30  30  29  30  29  29  30  29  30 : 355
1650 :  29  30  30  29  30  29  30  30  29  30  29* 30 : 384(29)
1651 :  29  30  29  30  29  30  30  29  30  30  29  30 : 355
1652 :  29  29  30  29  30  29  30  30  30  29  30  29 : 354
1653 :  30  29  29  30  29  29  30* 30  30  30  30  29 : 384(29)
1654 :  30  29  29  30  29  29  30  29  30  30  30  29 : 354
1655 :  30  30  29  29  30  29  29  30  29  30  30  29 : 354
1656 :  30  30  29  30  29* 29  29  30  29  30  29  30 : 384(30)
1657 :  30  30  29  30  29  30  29  29  30  29  30  29 : 354
1658 :  30  30  29  30  30  29  30  29  29  30  29  30 : 355
1659 :  29  30  29* 30  29  30  29  30  29  30  29  30 : 384(30)
1660 :  29  30  29  30  29  30  30  29  30  29  30  29 : 354
1661 :  30  29  30  29  29  30  30* 30  30  29  30  29 : 384(29)
1662 :  30  29  30  29  29  30  29  30  30  30  29  30 : 355
1663 :  30  29  29  30  29  29  30  29  30  30  29  30 : 354
1664 :  30  29  30  29  30  29* 30  29  30  29  30  30 : 384(29)
1665 :  30  29  30  29  30  29  29  30  29  30  29  30 : 354
1666 :  30  29  30  30  29  30  29  29  30  29  30  29 : 354
1667 :  30  29  30  30* 30  29  30  29  30  29  30  29 : 384(29)
1668 :  30  29  30  29  30  30  29  30  29  30  29  30 : 355
1669 :  29  30  29  30  29  30  29  30  30  29  30  29 : 354
1670 :  30  29* 29  29  30  29  30  30  30  29  30  29 : 384(30)
1671 :  30  29  30  29  29  30  29  30  30  29  30  30 : 355
1672 :  29  30  29  30  29  29  30* 30  29  30  30  30 : 384(29)
1673 :  29  30  29  30  29  29  30  29  30  29  30  30 : 354
1674 :  29  30  30  29  30  29  29  30  29  29  30  30 : 354
1675 :  29  30  30  30  29* 29  29  30  29  30  29  30 : 384(30)
1676 :  29  30  30  29  30  29  30  29  30  29  30  29 : 354
1677 :  30  29  30  29  30  30  29  30  30  29  29  30 : 355
1678 :  29  30  29* 30  30  29  30  30  29  30  29  30 : 384(29)
1679 :  29  30  29  29  30  29  30  30  29  30  30  29 : 354
1680 :  30  29  30  29  29  30  29  30* 30  30  30  29 : 384(29)
1681 :  30  29  30  29  29  30  29  29  30  30  30  29 : 354
1682 :  30  30  29  30  29  29  30  29  29  30  30  29 : 354
1683 :  30  30  30  29  30  29* 30  29  29  30  30  29 : 384(29)
1684 :  30  30  29  30  29  30  29  30  29  29  30  29 : 354
1685 :  30  30  29  30  30  29  30  29  30  29  30  29 : 355
1686 :  29  30  30  29* 29  30  30  29  30  29  30  29 : 384(30)
1687 :  29  30  29  30  29  30  30  29  30  30  29  30 : 355
1688 :  29  30  29  29  30  29  30  29  30  30  30  29 : 354
1689 :  30  29  30* 29  30  29  29  30  30  30  29  30 : 384(29)
1690 :  30  29  30  29  29  30  29  29  30  30  29  30 : 354
1691 :  30  30  29  30  29  29  30* 29  30  29  30  30 : 384(29)
1692 :  30  29  30  30  29  29  30  29  29  30  29  30 : 354
1693 :  30  30  29  30  29  30  29  30  29  29  30  29 : 354
1694 :  30  30  29  30  29* 30  29  30  29  30  29  29 : 384(30)
1695 :  30  29  30  30  29  30  29  30  30  29  30  29 : 355
1696 :  29  30  29  30  29  30  29  30  30  30  29  30 : 355
1697 :  29  30  29* 30  29  30  29  30  30  29  30  30 : 384(29)
1698 :  29  30  29  29  30  29  29  30  30  30  29  30 : 354
1699 :  30  29  30  29  29  30  29* 30  29  30  30  30 : 384(29)
1700 :  30  29  30  29  29  30  29  29  30  29  30  30 : 354
1701 :  30  29  30  29  30  29  30  29  29  30  29  30 : 354
1702 :  30  29  30  30  29  30* 30  29  29  30  29  30 : 384(29)
1703 :  29  30  30  29  30  30  29  30  29  29  30  29 : 354
1704 :  30  29  30  29  30  30  29  30  30  29  30  29 : 355
1705 :  29  30  29  30* 30  29  30  30  29  30  30  29 : 384(29)
1706 :  30  29  29  30  29  29  30  30  29  30  30  30 : 355
1707 :  29  30  29  29  30  29  29  30  29  30  30  30 : 354
1708 :  29  30  30* 29  30  29  29  30  29  30  30  30 : 384(29)
1709 :  30  29  30  29  29  30  29  29  30  30  29  30 : 354
1710 :  29  30  30  29  30  29  30* 29  30  29  30  29 : 383(29)
1711 :  30  30  29  30  30  29  30  29  29  30  29  30 : 355
1712 :  29  30  29  30  30  29  30  29  30  29  30  29 : 354
1713 :  30  29  30  29  30* 30  30  29  30  30  29  29 : 384(29)
1714 :  30  29  30  29  30  29  30  29  30  30  30  29 : 355
1715 :  30  29  29  30  29  29  30  29  30  30  30  29 : 354
1716 :  30  30  29* 30  29  29  30  29  30  30  30  29 : 384(29)
1717 :  30  30  29  29  30  29  29  30  29  30  30  29 : 354
1718 :  30  30  29  30  29  30  29  29* 29  30  29  30 : 384(30)
1719 :  30  30  29  30  29  30  29  29  30  29  30  29 : 354
1720 :  30  30  29  30  29  30  29  30  29  30  29  30 : 355
1721 :  29  30  29  30  30  29* 29  30  29  30  29  30 : 384(30)
1722 :  29  30  29  30  29  30  30  29  30  29  30  29 : 354
1723 :  30  29  30  29  29  30  30  29  30  30  29  30 : 355
1724 :  29  30  29  30* 29  30  29  30  30  30  29  30 : 384(29)
1725 :  29  30  29  30  29  29  30  29  30  30  29  30 : 354
1726 :  30  29  30  29  30  29  29  30  29  30  29  30 : 354
1727 :  30  30  30* 29  30  29  29  30  29  30  29  30 : 384(29)
1728 :  30  29  30  30  29  30  29  29  30  29  30  29 : 354
1729 :  30  29  30  30  29  30  29* 29  30  29  30  29 : 384(30)
1730 :  30  29  29  30  30  30  29  30  29  30  29  30 : 355
1731 :  29  30  29  30  29  30  29  30  30  29  30  29 : 354
1732 :  30  29  30  29  29* 29  30  30  30  29  30  29 : 384(30)
1733 :  30  29  30  29  29  30  29  30  30  29  30  30 : 355
1734 :  29  30  29  30  29  29  30  29  30  29  30  30 : 354
1735 :  30  29  30  29* 29  29  29  30  29  30  30  30 : 384(30)
1736 :  29  30  30  29  30  29  29  30  29  29  30  30 : 354
1737 :  29  30  30  29  30  29  30  29  30* 29  30  30 : 384(29)
1738 :  29  30  30  29  30  29  30  29  30  29  30  29 : 354
1739 :  30  29  30  29  30  29  30  30  29  30  29  30 : 355
1740 :  29  30  29  29  30  30* 30  30  29  30  29  30 : 384(29)
1741 :  29  30  29  29  30  29  30  30  29  30  30  29 : 354
1742 :  30  29  30  29  29  30  29  30  29  30  30  30 : 355
1743 :  29  30  29  30* 29  29  30  29  30  30  30  29 : 383(29)
1744 :  30  30  29  30  29  29  29  30  29  30  30  29 : 354
1745 :  30  30  30  29  30  29  29  30  29  29  30  30 : 355
1746 :  29  30  30* 30  29  30  29  30  29  29  30  29 : 383(29)
1747 :  30  30  29  30  30  29  30  29  30  29  30  29 : 355
1748 :  29  30  29  30  30  29  30* 29  30  29  30  29 : 384(30)
1749 :  29  30  29  30  29  30  30  29  30  30  29  30 : 355
1750 :  29  30  29  29  30  29  30  29  30  30  30  29 : 354
1751 :  30  29  30  29  29* 29  29  30  30  29  30  30 : 384(30)
1752 :  30  29  30  29  29  29  30  29  30  30  29  30 : 354
1753 :  30  30  29  30  29  29  29  30  29  30  29  30 : 354
1754 :  30  30  29  30* 30  29  30  29  29  30  29  30 : 384(29)
1755 :  30  29  30  30  29  30  29  30  29  29  30  29 : 354
1756 :  30  30  29  30  29  30  30  29  30* 29  30  29 : 384(29)
1757 :  30  29  30  29  30  30  29  30  30  29  30  29 : 355
1758 :  29  30  29  30  29  30  29  30  30  30  29  30 : 355
1759 :  29  29  30  29  30  29* 29  30  30  29  30  30 : 384(30)
1760 :  29  30  29  29  29  30  29  30  30  29  30  30 : 354
1761 :  30  29  30  29  29  29  30  29  30  29  30  30 : 354
1762 :  30  29  30  30  29* 29  30  29  30  29  30  30 : 384(29)
1763 :  30  29  30  29  30  29  29  30  29  30  29  30 : 354
1764 :  30  29  30  30  29  30  29  30  29  29  30  29 : 354
1765 :  30  29* 30  29  30  29  30  30  29  29  30  29 : 384(30)
1766 :  30  29  30  29  30  30  29  30  29  30  30  29 : 355
1767 :  29  30  29  30  29  30  29* 30  29  30  30  29 : 384(30)
1768 :  29  30  29  30  29  29  30  30  29  30  30  30 : 355
1769 :  29  30  29  29  29  30  29  30  29  30  30  30 : 354
1770 :  29  30  30  29  29* 30  29  30  29  30  30  30 : 384(29)
1771 :  29  30  29  30  29  29  30  29  30  29  30  30 : 354
1772 :  29  30  30  29  30  29  29  30  29  30  29  30 : 354
1773 :  29  30  30* 30  30  29  29  30  29  30  29  30 : 384(29)
1774 :  29  30  29  30  30  29  30  29  30  29  30  29 : 354
1775 :  30  29  30  29  30  29  30  30  29  30* 30  29 : 384(29)
1776 :  30  29  30  29  29  30  30  29  30  30  29  30 : 355
1777 :  29  30  29  29  30  29  30  29  30  30  30  29 : 354
1778 :  30  29  29  30  29  30* 30  29  30  30  30  29 : 384(29)
1779 :  30  29  30  29  29  30  29  30  29  30  30  29 : 354
1780 :  30  30  29  30  29  29  30  29  30  29  30  29 : 354
1781 :  30  30  30  29  30* 29  30  29  30  29  30  29 : 384(29)
1782 :  30  30  29  30  29  30  29  30  29  30  29  30 : 355
1783 :  29  30  29  30  30  29  30  29  30  29  30  29 : 354
1784 :  30  29  30* 30  29  30  30  29  30  29  30  29 : 384(29)
1785 :  30  29  30  29  29  30  30  29  30  30  29  30 : 355
1786 :  29  30  29  29  30  29  30* 30  30  30  29  30 : 384(29)
1787 :  29  30  29  29  30  29  30  29  30  29  30  30 : 354
1788 :  30  29  30  29  30  29  29  29  30  30  29  30 : 354
1789 :  30  30  29  30  29* 30  29  30  29  30  29  30 : 384(29)
1790 :  30  29  30  30  29  29  30  29  30  29  30  29 : 354
1791 :  30  29  30  30  29  30  29  30  29  30  29  30 : 355
1792 :  29  30  29  30* 30  30  29  30  29  30  29  30 : 384(29)
1793 :  29  30  29  29  30  30  29  30  30  29  30  29 : 354
1794 :  30  29  29  30  29  30  29  30  30  30  29  30 : 355
1795 :  29  30* 29  30  29  30  29  30  29  30  30  30 : 384(29)
1796 :  29  30  29  29  30  29  29  30  30  29  30  30 : 354
1797 :  30  29  30  29  30  29* 29  30  29  30  30  30 : 384(29)
1798 :  29  30  30  29  29  30  29  29  30  29  30  30 : 354
1799 :  29  30  30  29  30  29  30  29  30  29  29  30 : 354
1800 :  30  29  30  30* 30  29  30  29  30  29  30  29 : 384(29)
1801 :  29  30  30  29  30  29  30  30  29  30  29  30 : 355
1802 :  29  29  30  29  30  29  30  30  30  29  30  29 : 354
1803 :  30  29* 30  29  30  29  30  30  29  30  30  29 : 384(29)
1804 :  30  29  29  30  29  29  30  30  29  30  30  30 : 355
1805 :  29  30  29  30  29  29* 30  29  30  30  30  29 : 383(29)
1806 :  30  30  29  30  29  29  29  30  29  30  30  29 : 354
1807 :  30  30  30  29  29  30  29  29  30  29  30  30 : 355
1808 :  29  30  30  29  30* 30  29  30  29  29  30  29 : 383(29)
1809 :  30  30  29  30  30  29  30  29  30  29  29  30 : 355
1810 :  29  30  29  30  30  29  30  30  29  30  29  30 : 355
1811 :  29  29  30* 30  29  30  30  29  30  30  29  30 : 384(29)
1812 :  29  29  30  29  30  29  30  29  30  30  30  29 : 354
1813 :  30  29  30  29  29  29  30  29  30  30  30  29 : 354
1814 :  30  30* 30  29  29  29  30  29  30  30  29  30 : 384(29)
1815 :  30  30  29  29  30  29  29  30  29  30  29  30 : 354
1816 :  30  30  29  30  29  30* 29  30  29  30  29  30 : 384(29)
1817 :  30  29  30  30  29  30  29  30  29  29  30  29 : 354
1818 :  30  29  30  30  29  30  30  29  30  29  29  30 : 355
1819 :  29  30  29  30* 30  30  29  30  30  29  30  29 : 384(29)
1820 :  29  30  29  30  29  30  29  30  30  30  29  30 : 355
1821 :  29  29  30  29  29  30  29  30  30  30  29  30 : 354
1822 :  30  29  30* 29  29  30  29  30  30  29  30  30 : 384(29)
1823 :  30  29  30  29  29  29  30  29  30  29  30  30 : 354
1824 :  30  29  30  29  30  29  29* 29  30  29  30  30 : 384(30)
1825 :  30  29  30  29  30  29  29  30  29  30  29  30 : 354
1826 :  30  29  30  30  29  30  29  29  30  29  30  29 : 354
1827 :  30  29  30  30  29* 29  30  29  30  29  30  29 : 384(30)
1828 :  30  29  30  29  30  30  29  30  29  30  29  30 : 355
1829 :  29  30  29  30  29  30  29  30  30  29  30  30 : 355
1830 :  29  29  30  29* 30  29  30  30  29  30  30  30 : 384(29)
1831 :  29  29  30  29  29  30  29  30  29  30  30  30 : 354
1832 :  29  30  29  30  29  29  30  29  30* 30  30  30 : 384(29)
1833 :  29  30  29  30  29  29  30  29  30  29  30  30 : 354
1834 :  29  30  30  29  30  29  29  30  29  30  29  30 : 354
1835 :  29  30  30  29  30  30* 29  30  29  30  29  30 : 384(29)
1836 :  29  30  29  30  30  29  30  29  30  29  30  29 : 354
1837 :  30  29  30  29  30  29  30  30  29  30  29  30 : 355
1838 :  29  30  29  30* 29  30  30  29  30  30  29  30 : 384(29)
1839 :  29  30  29  29  30  29  30  29  30  30  30  29 : 354
1840 :  30  29  30  29  29  30  29  30  29  30  30  30 : 355
1841 :  29  30  29* 29  29  30  29  30  29  30  30  29 : 383(30)
1842 :  30  30  29  30  29  29  30  29  30  29  30  29 : 354
1843 :  30  30  30  29  30  29  29* 29  30  29  30  29 : 384(30)
1844 :  30  30  29  30  29  30  29  30  29  30  29  30 : 355
1845 :  29  30  29  30  30  29  30  29  30  29  30  29 : 354
1846 :  30  29  30  29  30* 30  29  30  30  29  30  29 : 384(29)
1847 :  30  29  29  30  29  30  29  30  30  30  29  30 : 355
1848 :  29  30  29  29  30  29  30  29  30  30  30  29 : 354
1849 :  30  29  30  29* 30  29  30  29  30  29  30  30 : 384(29)
1850 :  30  29  30  29  29  30  29  29  30  30  29  30 : 354
1851 :  30  30  29  30  29  29  30  29* 30  29  30  30 : 384(29)
1852 :  30  29  30  30  29  29  30  29  30  29  29  30 : 354
1853 :  30  29  30  30  29  30  29  30  29  30  29  30 : 355
1854 :  29  30  29  30  29  30  30* 30  29  30  29  30 : 384(29)
1855 :  29  29  30  29  30  30  29  30  30  29  30  29 : 354
1856 :  30  29  29  30  29  30  29  30  30  30  29  30 : 355
1857 :  29  30  29  29  30* 30  29  30  29  30  30  30 : 384(29)
1858 :  29  30  29  29  30  29  29  30  30  29  30  30 : 354
1859 :  30  29  30  29  29  30  29  29  30  29  30  30 : 354
1860 :  30  29  30* 29  29  30  29  29  30  29  30  30 : 384(30)
1861 :  29  30  30  29  30  29  30  29  30  29  29  30 : 354
1862 :  30  29  30  29  30  30  29  30* 30  29  29  30 : 384(29)
1863 :  29  30  30  29  30  29  30  30  29  30  29  30 : 355
1864 :  29  29  30  29  30  29  30  30  29  30  30  29 : 354
1865 :  30  29  29  30  29* 29  30  30  29  30  30  29 : 384(30)
1866 :  30  29  29  30  29  29  30  30  29  30  30  30 : 355
1867 :  29  30  29  29  30  29  29  30  29  30  30  30 : 354
1868 :  29  30  30  29* 30  29  29  30  29  30  30  29 : 383(29)
1869 :  30  30  30  29  29  30  29  29  30  29  30  29 : 354
1870 :  30  30  30  29  30  29  30  29  29  30* 30  29 : 384(29)
1871 :  30  30  29  30  30  29  30  29  30  29  29  30 : 355
1872 :  29  30  29  30  30  29  30  29  30  30  29  30 : 355
1873 :  29  29  30  29  30  29* 30  29  30  30  29  30 : 384(30)
1874 :  29  29  30  29  30  29  30  29  30  30  30  29 : 354
1875 :  30  29  29  30  29  29  30  29  30  30  30  29 : 354
1876 :  30  30  29  29  30* 29  30  29  30  30  29  30 : 384(29)
1877 :  30  30  29  29  30  29  29  30  29  30  29  30 : 354
1878 :  30  30  29  30  29  30  29  29  30  29  30  29 : 354
1879 :  30  30  29* 30  29  30  29  29  30  29  30  29 : 384(30)
1880 :  30  29  30  30  29  30  30  29  30  29  29  30 : 355
1881 :  29  30  29  30  29  30  30* 30  30  29  30  29 : 384(29)
1882 :  29  30  29  30  29  30  29  30  30  29  30  30 : 355
1883 :  29  29  30  29  29  30  29  30  30  30  29  30 : 354
1884 :  30  29  29  30  29* 30  29  30  30  29  30  30 : 384(29)
1885 :  30  29  29  30  29  29  30  29  30  29  30  30 : 354
1886 :  30  29  30  29  30  29  29  30  29  30  29  30 : 354
1887 :  30  30  29  30* 30  29  29  30  29  30  29  30 : 384(29)
1888 :  30  29  30  30  29  30  29  29  30  29  30  29 : 354
1889 :  30  29  30  30  29  30  29  30  29  30  29  30 : 355
1890 :  29  30* 30  29  30  30  29  30  29  30  29  30 : 384(29)
1891 :  29  30  29  30  29  30  29  30  30  29  30  30 : 355
1892 :  29  29  30  29  29  30* 30  30  29  30  30  30 : 384(29)
1893 :  29  29  30  29  29  30  29  30  29  30  30  30 : 354
1894 :  29  30  29  30  29  29  30  29  30  29  30  30 : 354
1895 :  30  29  30  29  30* 29  30  29  30  29  30  29 : 383(29)
1896 :  30  30  30  29  30  29  29  30  29  30  29  30 : 355
1897 :  29  30  30  29  30  29  30  29  30  29  30  29 : 354
1898 :  30  29  30* 30  30  29  30  29  30  29  30  29 : 384(29)
1899 :  30  29  30  29  30  29  30  30  29  30  29  30 : 355
1900 :  29  30  29  29  30  29  30  30* 30  30  29  30 : 384(29)
1901 :  29  30  29  29  30  29  30  29  30  30  30  29 : 354
1902 :  30  29  30  29  29  30  29  30  29  30  30  30 : 355
1903 :  29  30  29  30  29* 30  29  29  30  30  29  30 : 383(29)
1904 :  30  30  29  30  29  29  30  29  29  30  30  29 : 354
1905 :  30  30  29  30  30  29  29  30  29  30  29  30 : 355
1906 :  29  30  30  29* 29  30  29  30  29  30  29  30 : 384(30)
1907 :  29  30  29  30  29  30  30  29  30  29  30  29 : 354
1908 :  30  29  29  30  30  29  30  29  30  30  29  30 : 355
1909 :  29  30* 29  30  29  30  29  30  30  30  29  30 : 384(29)
1910 :  29  30  29  29  30  29  30  29  30  30  30  29 : 354
1911 :  30  29  30  29  29  30* 29  30  30  29  30  30 : 384(29)
1912 :  30  29  30  29  29  30  29  29  30  30  29  30 : 354
1913 :  30  30  29  30  29  29  30  29  29  30  29  30 : 354
1914 :  30  30  29  30  30* 29  30  29  30  29  29  30 : 384(29)
1915 :  30  29  30  30  29  30  29  30  29  30  29  30 : 355
1916 :  29  30  29  30  29  30  30  29  30  29  30  29 : 354
1917 :  30  29* 30  29  30  30  29  30  30  29  30  29 : 384(29)
1918 :  30  29  29  30  29  30  29  30  30  30  29  30 : 355
1919 :  29  30  29  29  30  29  30* 30  30  29  30  30 : 384(29)
1920 :  29  30  29  29  30  29  29  30  30  29  30  30 : 354
1921 :  30  29  30  29  29  30  29  29  30  29  30  30 : 354
1922 :  30  29  30  30  29* 30  29  29  30  29  30  30 : 384(29)
1923 :  29  30  30  29  30  29  30  29  30  29  29  30 : 354
1924 :  30  29  30  29  30  30  29  30  29  30  29  29 : 354
1925 :  30  29  30  30* 30  29  30  30  29  30  29  30 : 385(29)
1926 :  29  29  30  29  30  29  30  30  29  30  30  29 : 354
1927 :  30  29  29  30  29  30  29  30  30  29  30  30 : 355
1928 :  29  30* 29  30  29  29  30  30  29  30  30  30 : 384(29)
1929 :  29  30  29  29  30  29  29  30  29  30  30  30 : 354
1930 :  29  30  30  29  29  30* 29  30  29  30  30  29 : 383(29)
1931 :  30  30  30  29  29  30  29  29  30  29  30  29 : 354
1932 :  30  30  30  29  30  29  30  29  29  30  29  30 : 355
1933 :  29  30  30  29  30* 29  30  29  30  29  29  30 : 384(30)
1934 :  29  30  29  30  30  29  30  30  29  30  29  30 : 355
1935 :  29  29  30  29  30  29  30  30  29  30  30  29 : 354
1936 :  30  29  29* 29  30  29  30  29  30  30  30  29 : 384(30)
1937 :  30  29  29  30  29  29  30  29  30  30  30  29 : 354
1938 :  30  30  29  29  30  29  29* 29  30  30  29  30 : 384(30)
1939 :  30  30  29  29  30  29  29  30  29  30  29  30 : 354
1940 :  30  30  29  30  29  30  29  29  30  29  30  29 : 354
1941 :  30  30  29  30  30  29* 29  29  30  29  30  29 : 384(30)
1942 :  30  29  30  30  29  30  30  29  30  29  29  30 : 355
1943 :  29  30  29  30  29  30  30  29  30  30  29  30 : 355
1944 :  29  29  30  29* 29  30  29  30  30  29  30  30 : 384(30)
1945 :  29  29  30  29  29  30  29  30  30  30  29  30 : 354
1946 :  30  29  29  30  29  29  30  29  30  30  29  30 : 354
1947 :  30  30* 29  30  29  29  30  29  30  29  30  30 : 384(29)
1948 :  30  29  30  29  30  29  29  30  29  30  29  30 : 354
1949 :  30  30  29  30  29  30  29* 30  29  30  29  30 : 384(29)
1950 :  30  29  30  30  29  30  29  29  30  29  30  29 : 354
1951 :  30  29  30  30  29  30  29  30  29  30  29  30 : 355
1952 :  29  30  29  30  29* 30  29  30  29  30  29  30 : 384(30)
1953 :  29  30  29  29  30  30  29  30  30  29  30  30 : 355
1954 :  29  29  30  29  29  30  29  30  30  29  30  30 : 354
1955 :  30  29  29* 29  29  30  29  30  29  30  30  30 : 384(30)
1956 :  29  30  29  30  29  29  30  29  30  29  30  30 : 354
1957 :  30  29  30  29  30  29  29  30* 30  29  30  30 : 384(29)
1958 :  29  30  30  29  30  29  29  30  29  30  29  30 : 354
1959 :  29  30  30  29  30  29  30  29  30  29  30  29 : 354
1960 :  30  29  30  29  30  30* 30  29  30  29  30  29 : 384(29)
1961 :  30  29  30  29  30  29  30  30  29  30  29  30 : 355
1962 :  29  30  29  29  30  29  30  30  29  30  30  29 : 354
1963 :  30  29  30  29* 30  29  30  29  30  30  30  29 : 384(29)
1964 :  30  29  30  29  29  30  29  30  29  30  30  30 : 355
1965 :  29  30  29  30  29  29  30  29  29  30  30  30 : 354
1966 :  29  30  30* 30  29  29  30  29  29  30  30  29 : 383(29)
1967 :  30  30  29  30  30  29  29  30  29  30  29  30 : 355
1968 :  29  30  30  29  30  29  30* 30  29  30  29  30 : 384(29)
1969 :  29  30  29  30  29  30  30  29  30  29  30  29 : 354
1970 :  30  29  29  30  30  29  30  29  30  30  29  30 : 355
1971 :  29  30  29  29  30* 30  29  30  30  30  29  30 : 384(29)
1972 :  29  30  29  29  30  29  30  29  30  30  30  29 : 354
1973 :  30  29  30  29  29  30  29  29  30  30  30  29 : 354
1974 :  30  30  29  30* 29  30  29  29  30  30  29  30 : 384(29)
1975 :  30  30  29  30  29  29  30  29  29  30  29  30 : 354
1976 :  30  30  29  30  29  30  29  30* 30  29  29  30 : 384(29)
1977 :  30  29  30  30  29  30  29  30  29  30  29  29 : 354
1978 :  30  30  29  30  29  30  30  29  30  29  30  29 : 355
1979 :  30  29  29  30  29  30* 29  30  30  29  30  29 : 384(30)
1980 :  30  29  29  30  29  30  29  30  30  29  30  30 : 355
1981 :  29  30  29  29  30  29  29  30  30  29  30  30 : 354
1982 :  30  29  30  29* 30  29  29  30  30  29  30  30 : 384(29)
1983 :  30  29  30  29  29  30  29  29  30  29  30  30 : 354
1984 :  30  29  30  30  29  29  30  29  29  30* 30  30 : 384(29)
1985 :  29  30  30  29  30  29  30  29  29  30  29  30 : 354
1986 :  29  30  30  29  30  30  29  30  29  30  29  29 : 354
1987 :  30  29  30  30  29  30* 30  30  29  30  29  30 : 385(29)
1988 :  29  29  30  29  30  29  30  30  29  30  30  29 : 354
1989 :  30  29  29  30  29  30  29  30  30  29  30  30 : 355
1990 :  29  30  29  29  30* 29  30  30  29  30  30  30 : 384(29)
1991 :  29  30  29  29  30  29  29  30  29  30  30  30 : 354
1992 :  29  30  30  29  29  30  29  29  30  29  30  30 : 354
1993 :  29  30  30* 30  29  30  29  29  30  29  30  29 : 383(29)
1994 :  30  30  30  29  30  29  30  29  29  30  29  30 : 355
1995 :  29  30  30  29  30  30  29  30* 30  29  29  30 : 384(29)
1996 :  29  30  29  30  30  29  30  29  30  30  29  30 : 355
1997 :  29  29  30  29  30  29  30  30  29  30  30  29 : 354
1998 :  30  29  29  30  29* 30  30  29  30  30  30  29 : 384(29)
1999 :  30  29  29  30  29  29  30  29  30  30  30  29 : 354
2000 :  30  30  29  29  30  29  29  30  29  30  30  29 : 354
2001 :  30  30  30  29* 30  29  29  30  29  30  29  30 : 384(29)
2002 :  30  30  29  30  29  30  29  29  30  29  30  29 : 354
2003 :  30  30  29  30  30  29  30  29  29  30  29  30 : 355
2004 :  29  30* 30  30  29  30  29  30  29  30  29  30 : 384(29)
2005 :  29  30  29  30  29  30  30  29  30  30  29  29 : 354
2006 :  30  29  30  29  30  29  30* 30  30  29  30  30 : 385(29)
2007 :  29  29  30  29  29  30  29  30  30  30  29  30 : 354
2008 :  30  29  29  30  29  29  30  29  30  30  29  30 : 354
2009 :  30  30  29  29  30* 29  30  29  30  29  30  30 : 384(29)
2010 :  30  29  30  29  30  29  29  30  29  30  29  30 : 354
2011 :  30  29  30  30  29  30  29  29  30  29  30  29 : 354
2012 :  30  29  30* 30  29  30  29  29  30  29  30  29 : 384(30)
2013 :  30  29  30  30  29  30  29  30  29  30  29  30 : 355
2014 :  29  30  29  30  29  30  29  30  30* 30  29  30 : 384(29)
2015 :  29  30  29  29  30  29  30  30  30  29  30  29 : 354
2016 :  30  29  30  29  29  30  29  30  30  29  30  30 : 355
2017 :  29  30  29  30  29* 30  29  30  29  30  30  30 : 384(29)
2018 :  29  30  29  30  29  29  30  29  30  29  30  30 : 354
2019 :  30  29  30  29  30  29  29  30  29  30  29  30 : 354
2020 :  30  29  30  30* 30  29  29  30  29  30  29  30 : 384(29)
2021 :  29  30  30  29  30  29  30  29  30  29  30  29 : 354
2022 :  30  29  30  29  30  30  29  30  29  30  29  30 : 355
2023 :  29  30* 30  29  30  29  30  30  29  30  29  30 : 384(29)
2024 :  29  30  29  29  30  29  30  30  29  30  30  29 : 354
2025 :  30  29  30  29  29  30* 30  29  30  30  30  29 : 384(29)
2026 :  30  29  30  29  29  30  29  30  29  30  30  30 : 355
2027 :  29  30  29  30  29  29  30  29  29  30  30  30 : 354
2028 :  29  30  30  29  30* 29  30  29  29  30  30  29 : 383(29)
2029 :  30  30  29  30  30  29  29  30  29  29  30  30 : 355
2030 :  29  30  29  30  30  29  30  29  30  29  30  29 : 354
2031 :  30  29  30* 30  29  30  30  29  30  29  30  29 : 384(29)
2032 :  30  29  29  30  29  30  30  29  30  30  29  30 : 355
2033 :  29  30  29  29  30  29  30  29  30  30  30* 30 : 384(29)
2034 :  29  30  29  29  30  29  30  29  30  30  30  29 : 354
2035 :  30  29  30  29  29  30  29  29  30  30  29  30 : 354
2036 :  30  30  29  30  29  29* 29  29  30  30  29  30 : 384(30)
2037 :  30  30  29  30  29  29  30  29  29  30  29  30 : 354
2038 :  30  30  29  30  29  30  29  30  29  29  30  29 : 354
2039 :  30  30  29  30  30* 30  29  30  29  30  29  29 : 384(29)
2040 :  30  29  30  30  29  30  30  29  30  29  30  29 : 355
2041 :  30  29  29  30  29  30  30  29  30  30  29  30 : 355
2042 :  29  30* 29  30  29  30  29  30  30  29  30  30 : 384(29)
2043 :  29  30  29  29  30  29  29  30  30  29  30  30 : 354
2044 :  30  29  30  29  29  30  29* 30  29  30  30  30 : 384(29)
2045 :  30  29  30  29  29  30  29  29  30  29  30  30 : 354
2046 :  30  29  30  30  29  29  30  29  29  30  29  30 : 354
2047 :  30  29  30  30  29* 29  30  29  29  30  29  30 : 384(30)
2048 :  29  30  30  29  30  30  29  30  29  30  29  29 : 354
2049 :  30  29  30  29  30  30  29  30  30  29  30  29 : 355
2050 :  30  29  29* 29  30  29  30  30  29  30  30  00 : 355(30)
